52426778 0 42548209
2317094055 2628693938 80884528
4273469923 2317094055 21497373
3504443816 3801741356 19441920
1168510873 722677906 36277136
766143928 2147127897 113763545
2859981871 4203009036 91958260
3742911607 2903448576 530558316
2533492330 3494200839 307540517
1048443265 602610298 120067608
1606177181 2049845518 37728052
0 2087573570 24184027
2228508217 539688172 62922126
3523885736 4014822611 112866625
3636752361 3821183276 106159246
2204777013 515956968 23731204
163272748 80266080 177461896
340734644 1624436234 425409284
1568459310 42548209 37717871
3039420220 2338591428 290102510
1336392351 257727976 5651080
2397978583 3434006892 60193947
2951940131 3927342522 87480089
94974987 341413667 68297761
1750150773 263379056 78034611
1932038162 1351697383 272738851
1828185384 897499179 73313877
1563080665 758955042 5378645
1643905233 409711428 106245540
3329522730 2799034919 104413657
1901499261 2260891442 30538901
879907473 764333687 133165492
1342043431 1130660149 221037234
2458172530 4127689236 75319800
2841032847 2709578466 18949024
24184027 1102417398 28242751
1204788009 970813056 131604342
1013072965 2111757597 35370300
3433936387 2728527490 70507429