2246981140 2123929713 26608756
506825382 1211085022 100001399
2273589896 3259651351 49795378
606826781 48305627 403771586
2441004040 1311086421 255128583
2696132623 887597567 323487455
3131241320 452077213 69964335
1483012724 2119418493 4511220
4100438569 4209824659 85142637
2046786877 3309446729 95808859
1487523944 2344091207 205790126
3125128781 522041548 6112539
74735386 1566215004 432089996
2323385274 2937379483 117618766
46634343 2549881333 28101043
1215251469 1998305000 118258255
3201205655 0 1671284
3202876939 2150538469 193552738
1010598367 3054998249 204653102
3019620078 2577982376 105508703
2142595736 2832994079 104385404
1333509724 2683491079 149503000
4185581206 4100438569 109386090
1693314070 534124760 353472807
3396429677 528154087 5970673
0 1671284 46634343
3402400350 2116563255 2855238