3998185854 3762642503 103735883
2968507762 2068943953 132922295
1615660383 3128249668 130118355
730037950 2201866248 85080413
30504699 101283437 22743985
1963198232 3098529992 29719676
2445396241 816829001 206574911
4101921737 3258368023 13795434
1745778738 3272163457 98082636
184429295 124027422 42778761
815118363 1688321922 16510291
227208056 0 101283437
3101430057 730037950 86791051
2855369613 1073802717 8286129
2726882317 4266444706 28522590
2755404907 1647814534 40507388
1992917908 4002766747 184714231
0 307861200 20630293
3437715786 2286946661 488868406
2212191740 2910044568 188485424
1875478802 3756833622 5808881
1386084226 4200760960 31124145
4115717171 1704832213 179250125
2177632139 4231885105 34559601
968017015 3370246093 57414778
1957518504 1068122989 5679728
20630293 205631872 9874406
1248075951 2775815067 134229501
1417208371 1449362522 198452012
145603606 166806183 38825689
3926584192 1318303542 71601662
2651971152 3650305029 74911165
2863655742 1884082338 104852020
2400677164 1023403912 44719077
1025431793 3427660871 222644158
53248684 215506278 92354922
2795912295 1389905204 59457318
831628654 3866378386 136388361
1382305452 2065165179 3778774
1843861374 3725216194 31617428
3188221108 1082088846 236214696
1881287683 1988934358 76230821
3424435804 4187480978 13279982