71899121 201997255 39056119
1870747295 791060221 18793056
1109877678 2647277659 20201672
496126127 1366401345 54786206
2289070096 3946384506 79288366
2872432379 3633289978 245210479
2566896529 1931266150 305535850
2094153218 1065408320 14844701
1747071839 1759996387 105111897
3528644588 1080253021 193678883
675287597 4169571318 125395978
1852183736 3256553708 6224195
611190115 1486911572 64097482
1972384294 809853277 55611058
4292231732 3217343431 613168
1498491937 2667479331 11999801
1356554237 502551806 141937700
110955240 241053374 38164682
800683575 2316420571 309194103
2368358462 2236802000 62837191
2523665094 3878500457 34541659
3488154933 3913042116 10582322
567693713 1443415170 43496402
2558206753 3247863932 8689776
4065356099 2990467798 226875633
3992305706 2625614674 21662985
4013968691 739672813 51387408
1330023335 1421187551 22227619
550912333 2299639191 16781380
1352250954 496126127 4303283
2027995352 1865108284 66157866
1889540351 644489506 82843943
3117642858 3262777903 370512075
3498737255 3217956599 29907333
2431195653 1273931904 92469441
1858407931 727333449 12339364
0 130098134 71899121
2170307311 2679479132 41006431
2211313742 4025672872 54996286
4292844900 500429410 2122396
149119922 0 130098134
1719479071 4141978550 27592768
3722323471 2720485563 269982235
2266310028 3923624438 22760068
2108997919 4080669158 61309392
1510491738 1551009054 208987333
1130079350 865464335 199943985